370: 371
371: 370
315: 1777 4151 21
21: 315 20 
20: 21 10 22 2752
2752: 20 23
23: 2752 24
24: 23 4145
4145: 24 4144
4144: 4145 17
17: 4144 4143 22
22: 17 4143 5 8 10 20
10: 20 22 8 9 18
18: 10 9 11 4114
4117: 18 11 4151
4151: 315 1777 413 4114 11 4152 1776
4113: 11 19 4152 4151
11: 9 18 4114 4151 4113
9: 11 18 10 8 4 1
8: 9 10 22 5 4
4: 9 8 5 1985 1
1: 9 4 1985 2 1930
5: 4 8 22 4143 4164 1985
4143: 17 22 5 4164 16
4164: 4143 5 16 4163
16: 4143 4164 4163
1985: 5 4 1 2 7
7: 1985 4163 4166
4163: 16 4164 7 4166 26
2: 1985 1 3
3: 2 4166 1982
4166: 3 1982 4165 26 4163 7
1982: 3 4166 4165
4165: 1682 4166 26 6
26: 4163 4166 4165 6
6: 26 4165 12
4152: 4151 4113 19 4124 1776
19: 4113 4152 31 29 4123 27
27: 19 4123 29 28 1930 
1930: 1 27
4123: 19 27 29 
29: 19 4123 28 31
31: 19 29 28 30 32 4124
28: 27 29 31 30
30: 28 31 32 33
4124: 4152 31 32 1776
32: 30 31 4124 1776 309
1777: 315 4151 1776 
1776: 1777 4151 4152 4124 32 309 313
12: 6 14 1983
1983: 12 14
14: 12 1983 4142 4149
4142: 1984 4149 14
1984: 4142 4149 15 
4149: 14 4142 1984 15 13
15: 1984 4149 13
13: 15 4149 4141 1775
369:4110
4110:252 253 369
253:4110 252 264
4364:253 4110 4363
4363:4364 252 250 248 249
251:252 250 248
250:252 251 248 4363
248:250 251 4363 249 4361
249:4363 248 4361 4362 4121
4121:249 372 373
372:4121 373 4379 4119 4380
4380:372 4119
4119:4380 4372 4379 375 376
376:4119 375
375:376 4119 4379 4377 4118
4118:375 4377 374 4378
4378:4118
4377:374 4120 4379 375 4118
374:373 4120 4377 4118
4379:4120 373 372 4119 375 4377
4120:373 377 4377 4379
373:374 4120 4379 312 4121
4362:249 4361 247
4361:4362 249 248 247 246
246:4368 245 247 4361
247:4362 4361 246 245 244
4368:246 245 4367
245:244 247 246 4368 4367 4785 4375
244:247 245 4375
4367:243 1861 4785 245 4368
4785:4367 4368 245 4375 1861
4375:244 245 4785 1861 4372 240 242
242:4375 240 4366 4369
4369:242 4366 241
241:4369 4366 240 239
239:241 240 4372 237 234 4130
4130:4373 4374 234 239
4373:233 4130 4374
233:4373
4366:241 239 4369 242 240
240:239 241 4366 242 4375 4372
4372:4376 237 239 240 4375 1861
1861:4376 4372 4375 4785 4367 243
243:4370 4376 1861 4367 1860
1860:243 4370 238
238:1860 236 4370
4370:243 1860 238 236 237 4376
4376:4372 1861 243 4370 237
237:239 4372 4376 4370 234 236
236:4371 237 4370 238 235
235:236 4371
4371:235 236 237 234
234:4371 237 239 4130 4374
4374:234 4130 4373
33:30 32 1961 310 34 
34:1842 274 311 33 310
310: 2749 4260 1752 311 34 33 1961
1961: 33 310 2749 309
309: 1776 32 1961 2749 4261 312 1958
1958: 309 312 4259 4122 4258 313
313: 1776 1958 4258
4258: 1955 313 1958 4122
4122: 4258 1958 4259 4262 1775 4256 1955
1955: 4258 4122 4256 4257
4257: 1955 4256
4256: 4257 1955 4122 1755 4129
4129: 4256 1755 1079 1964 
1964: 4129 1079 1962 1963
1963: 1964 1962 1080 1078 1077
1077: 1962 1963 1080 1078 305
305: 1077 1078 2444 475 4265 1972 4266 1962
1962: 1079 1964 1963 1077 305 4266 
4266: 1962 305 1972 1079
1079: 4129 1964 1962 4266 1972 1082 1083 1755
4122: 4256 4129 1079 1083 1957 4263 4262
4262: 314 4259 4122 1755 4263
4263: 4262 1755 1957 1753 314
314: 4262 4263 1753 4250 4261 312 4259 
4259: 314 4262 4122 1958 312
312: 309 1958 4259 314 4261 
4261: 4260 4117 4250 314 312 309 2749
2749: 310 1961 309 4261 4260
4060: 310 2749 4261 4117 1951 1752
1752: 310 4260 1959 4249 4251 4245 4243 311
311: 274 34 310 1752 4243 4148
4148: 771 275 1960 274 311 4243
4243: 1752 311 4148 771 293 4245
4245: 4551 1752 4243 293 297 296
296: 4245 297 4116 300 4252 295 4251
4251: 1752 4245 296 295 4249
4249: 1752 4251 295 294 1959
1959: 4260 1752 4249 294 4117
4117: 4261 4260 1959 294 4248 4147 4250
4250: 1753 314 4261 4117 4147 308
308: 4250 1753 1956 4147
4147: 4117 4250 308 1956 4253 4248
4248: 4117 4147 4253 295 294
294: 4249 1959 4117 4248 295
295: 296 4251 4249 294 4248 4258 4252
4252: 307 301 300 296 295 4253
4253: 307 4252 295 4248 4147 1956
1956: 308 4147 4253 307 1754 4254 1753
1753: 4263 314 4250 308 1956 4254 1957
1957: 1755 4263 1753 4254 306 1083
1083: 1082 1079 1755 1957 306 2422
2422: 1083 1082 4264 1081 2423 306
306: 1957 1083 2422 2423 1754 4254
4254: 306 1957 1753 1956 1754
1754: 306 4254 1956 307 1778 2423
2423: 304 1778 1754 306 2422 1081
1081: 2422 2423 304 2419 473 4267 4264
4264: 2422 1081 4267 1082
1082: 1079 1083 2422 4264 4267 2421 4265 1972
1972: 1082 1079 4266 305 4265 1082 1972 305 475 1965 2421
2421: 1082 4265 1965 4267 
4267: 1081 4264 1082 2421 1965 473 
307: 4252 4253 1956 1754 1778 301